0~ DAP009373~ U~ DAP009373~ ~ ~ 23-Sep-2014 08:31~ True~ 1 0 0 0 0 1 0 0 0 0 1 0 0 0 0 1~ HPC FRONT CASE AND VANE ASSY~ Cronkrite, Adam (u8013236)~ ~ Evaluation~ ~ 
  1~ AS12943~ C~ AS12943~ ~ AS12943-C~ 06-Oct-2011 10:45~ False~ 0 0.382917596175481 0.923782503914851 0 0 0.923782503914851 -0.382917596175481 0 -1 0 0 0 0.2195746 0.123507471633483 -0.0569377243027575 1~ WASHER,FLAT,COUNTERSUNK~ u107757 (u107757)~ ~ Released~ ~ 
  1~ AS12943~ C~ AS12943~ ~ AS12943-C~ 06-Oct-2011 10:45~ False~ 0 0.000253470387996946 0.999999967876381 0 0 0.999999967876381 -0.000253470387996946 0 -1 0 0 0 0.2195746 0.13589514892163 -0.00533933494365286 1~ WASHER,FLAT,COUNTERSUNK~ u107757 (u107757)~ ~ Released~ ~ 
  1~ AS12943~ C~ AS12943~ ~ AS12943-C~ 06-Oct-2011 10:45~ False~ 0 -0.382449243968345 0.923976501751014 0 0 0.923976501751014 0.382449243968345 0 -1 0 0 0 0.2195746 0.127594021679051 0.0470719197594312 1~ WASHER,FLAT,COUNTERSUNK~ u107757 (u107757)~ ~ Released~ ~ 
  1~ AS12943~ C~ AS12943~ ~ AS12943-C~ 06-Oct-2011 10:45~ False~ 0 -0.706927527841535 0.707285989101902 0 0 0.707285989101902 0.706927527841535 0 -1 0 0 0 0.2195746 0.0998678612785236 0.092316901387157 1~ WASHER,FLAT,COUNTERSUNK~ u107757 (u107757)~ ~ Released~ ~ 
  1~ AS12943~ C~ AS12943~ ~ AS12943-C~ 06-Oct-2011 10:45~ False~ 0 -0.923782503914846 0.382917596175493 0 0 0.382917596175493 0.923782503914846 0 -1 0 0 0 0.2195746 0.0569377243027592 0.123507471633483 1~ WASHER,FLAT,COUNTERSUNK~ u107757 (u107757)~ ~ Released~ ~ 
  1~ AS12943~ C~ AS12943~ ~ AS12943-C~ 06-Oct-2011 10:45~ False~ 0 -0.999999967876381 0.000253470387998223 0 0 0.000253470387998223 0.999999967876381 0 -1 0 0 0 0.2195746 0.00533933494365302 0.13589514892163 1~ WASHER,FLAT,COUNTERSUNK~ u107757 (u107757)~ ~ Released~ ~ 
  1~ AS12943~ C~ AS12943~ ~ AS12943-C~ 06-Oct-2011 10:45~ False~ 0 -0.923976501751015 -0.382449243968343 0 0 -0.382449243968343 0.923976501751015 0 -1 0 0 0 0.2195746 -0.047071919759431 0.127594021679051 1~ WASHER,FLAT,COUNTERSUNK~ u107757 (u107757)~ ~ Released~ ~ 
  1~ AS12943~ C~ AS12943~ ~ AS12943-C~ 06-Oct-2011 10:45~ False~ 0 -0.707285989101903 -0.706927527841534 0 0 -0.706927527841534 0.707285989101903 0 -1 0 0 0 0.2195746 -0.0923169013871569 0.0998678612785237 1~ WASHER,FLAT,COUNTERSUNK~ u107757 (u107757)~ ~ Released~ ~ 
  1~ AS12943~ C~ AS12943~ ~ AS12943-C~ 06-Oct-2011 10:45~ False~ 0 -0.382917596175507 -0.92378250391484 0 0 -0.92378250391484 0.382917596175507 0 -1 0 0 0 0.2195746 -0.123507471633482 0.056937724302761 1~ WASHER,FLAT,COUNTERSUNK~ u107757 (u107757)~ ~ Released~ ~ 
  1~ AS12943~ C~ AS12943~ ~ AS12943-C~ 06-Oct-2011 10:45~ False~ 0 -0.000253470387999444 -0.999999967876381 0 0 -0.999999967876381 0.000253470387999444 0 -1 0 0 0 0.2195746 -0.13589514892163 0.00533933494365319 1~ WASHER,FLAT,COUNTERSUNK~ u107757 (u107757)~ ~ Released~ ~ 
  1~ AS12943~ C~ AS12943~ ~ AS12943-C~ 06-Oct-2011 10:45~ False~ 0 0.382449243968342 -0.923976501751015 0 0 -0.923976501751015 -0.382449243968342 0 -1 0 0 0 0.2195746 -0.127594021679051 -0.0470719197594309 1~ WASHER,FLAT,COUNTERSUNK~ u107757 (u107757)~ ~ Released~ ~ 
  1~ AS12943~ C~ AS12943~ ~ AS12943-C~ 06-Oct-2011 10:45~ False~ 0 0.706927527841534 -0.707285989101903 0 0 -0.707285989101903 -0.706927527841534 0 -1 0 0 0 0.2195746 -0.0998678612785238 -0.0923169013871568 1~ WASHER,FLAT,COUNTERSUNK~ u107757 (u107757)~ ~ Released~ ~ 
  1~ AS12943~ C~ AS12943~ ~ AS12943-C~ 06-Oct-2011 10:45~ False~ 0 0.923782503914834 -0.382917596175522 0 0 -0.382917596175522 -0.923782503914834 0 -1 0 0 0 0.2195746 -0.0569377243027631 -0.123507471633481 1~ WASHER,FLAT,COUNTERSUNK~ u107757 (u107757)~ ~ Released~ ~ 
  1~ AS12943~ C~ AS12943~ ~ AS12943-C~ 06-Oct-2011 10:45~ False~ 0 0.999999967876381 -0.000253470388000776 0 0 -0.000253470388000776 -0.999999967876381 0 -1 0 0 0 0.2195746 -0.00533933494365337 -0.13589514892163 1~ WASHER,FLAT,COUNTERSUNK~ u107757 (u107757)~ ~ Released~ ~ 
  1~ AS12943~ C~ AS12943~ ~ AS12943-C~ 06-Oct-2011 10:45~ False~ 0 0.923976501751016 0.382449243968341 0 0 0.382449243968341 -0.923976501751016 0 -1 0 0 0 0.2195746 0.0470719197594307 -0.127594021679051 1~ WASHER,FLAT,COUNTERSUNK~ u107757 (u107757)~ ~ Released~ ~ 
  1~ AS12943~ C~ AS12943~ ~ AS12943-C~ 06-Oct-2011 10:45~ False~ 0 0.707285989101905 0.706927527841533 0 0 0.706927527841533 -0.707285989101905 0 -1 0 0 0 0.2195746 0.0923169013871566 -0.099867861278524 1~ WASHER,FLAT,COUNTERSUNK~ u107757 (u107757)~ ~ Released~ ~ 
  1~ AS12943~ C~ AS12943~ ~ AS12943-C~ 06-Oct-2011 10:45~ False~ 0 0 -1 0 0 1 0 0 1 0 0 0 0.2265746 0.123507471633483 -0.0569377243027575 1~ WASHER,FLAT,COUNTERSUNK~ u107757 (u107757)~ ~ Released~ ~ 
  1~ AS12943~ C~ AS12943~ ~ AS12943-C~ 06-Oct-2011 10:45~ False~ 0 0.382683432365089 -0.923879532511287 0 0 0.923879532511287 0.382683432365089 0 1 0 0 0 0.2265746 0.13589514892163 -0.00533933494365284 1~ WASHER,FLAT,COUNTERSUNK~ u107757 (u107757)~ ~ Released~ ~ 
  1~ AS12943~ C~ AS12943~ ~ AS12943-C~ 06-Oct-2011 10:45~ False~ 0 0.707106781186547 -0.707106781186548 0 0 0.707106781186548 0.707106781186547 0 1 0 0 0 0.2265746 0.127594021679051 0.0470719197594312 1~ WASHER,FLAT,COUNTERSUNK~ u107757 (u107757)~ ~ Released~ ~ 
  1~ AS12943~ C~ AS12943~ ~ AS12943-C~ 06-Oct-2011 10:45~ False~ 0 0.923879532511286 -0.382683432365091 0 0 0.382683432365091 0.923879532511286 0 1 0 0 0 0.2265746 0.0998678612785236 0.092316901387157 1~ WASHER,FLAT,COUNTERSUNK~ u107757 (u107757)~ ~ Released~ ~ 
  1~ AS12943~ C~ AS12943~ ~ AS12943-C~ 06-Oct-2011 10:45~ False~ 0 1 0 0 0 0 1 0 1 0 0 0 0.2265746 0.0569377243027577 0.123507471633483 1~ WASHER,FLAT,COUNTERSUNK~ u107757 (u107757)~ ~ Released~ ~ 
  1~ AS12943~ C~ AS12943~ ~ AS12943-C~ 06-Oct-2011 10:45~ False~ 0 0.923879532511287 0.382683432365088 0 0 -0.382683432365088 0.923879532511287 0 1 0 0 0 0.2265746 0.00533933494365303 0.13589514892163 1~ WASHER,FLAT,COUNTERSUNK~ u107757 (u107757)~ ~ Released~ ~ 
  1~ AS12943~ C~ AS12943~ ~ AS12943-C~ 06-Oct-2011 10:45~ False~ 0 0.707106781186549 0.707106781186546 0 0 -0.707106781186546 0.707106781186549 0 1 0 0 0 0.2265746 -0.047071919759431 0.127594021679051 1~ WASHER,FLAT,COUNTERSUNK~ u107757 (u107757)~ ~ Released~ ~ 
  1~ AS12943~ C~ AS12943~ ~ AS12943-C~ 06-Oct-2011 10:45~ False~ 0 0.382683432365092 0.923879532511286 0 0 -0.923879532511286 0.382683432365092 0 1 0 0 0 0.2265746 -0.0923169013871569 0.0998678612785237 1~ WASHER,FLAT,COUNTERSUNK~ u107757 (u107757)~ ~ Released~ ~ 
  1~ AS12943~ C~ AS12943~ ~ AS12943-C~ 06-Oct-2011 10:45~ False~ 0 0 1 0 0 -1 0 0 1 0 0 0 0.2265746 -0.123507471633483 0.0569377243027578 1~ WASHER,FLAT,COUNTERSUNK~ u107757 (u107757)~ ~ Released~ ~ 
  1~ AS12943~ C~ AS12943~ ~ AS12943-C~ 06-Oct-2011 10:45~ False~ 0 -0.382683432365087 0.923879532511288 0 0 -0.923879532511288 -0.382683432365087 0 1 0 0 0 0.2265746 -0.13589514892163 0.00533933494365319 1~ WASHER,FLAT,COUNTERSUNK~ u107757 (u107757)~ ~ Released~ ~ 
  1~ AS12943~ C~ AS12943~ ~ AS12943-C~ 06-Oct-2011 10:45~ False~ 0 -0.707106781186545 0.70710678118655 0 0 -0.70710678118655 -0.707106781186545 0 1 0 0 0 0.2265746 -0.127594021679051 -0.0470719197594308 1~ WASHER,FLAT,COUNTERSUNK~ u107757 (u107757)~ ~ Released~ ~ 
  1~ AS12943~ C~ AS12943~ ~ AS12943-C~ 06-Oct-2011 10:45~ False~ 0 -0.923879532511286 0.382683432365093 0 0 -0.382683432365093 -0.923879532511286 0 1 0 0 0 0.2265746 -0.0998678612785238 -0.0923169013871568 1~ WASHER,FLAT,COUNTERSUNK~ u107757 (u107757)~ ~ Released~ ~ 
  1~ AS12943~ C~ AS12943~ ~ AS12943-C~ 06-Oct-2011 10:45~ False~ 0 -1 0 0 0 0 -1 0 1 0 0 0 0.2265746 -0.056937724302758 -0.123507471633483 1~ WASHER,FLAT,COUNTERSUNK~ u107757 (u107757)~ ~ Released~ ~ 
  1~ AS12943~ C~ AS12943~ ~ AS12943-C~ 06-Oct-2011 10:45~ False~ 0 -0.923879532511288 -0.382683432365086 0 0 0.382683432365086 -0.923879532511288 0 1 0 0 0 0.2265746 -0.00533933494365338 -0.13589514892163 1~ WASHER,FLAT,COUNTERSUNK~ u107757 (u107757)~ ~ Released~ ~ 
  1~ AS12943~ C~ AS12943~ ~ AS12943-C~ 06-Oct-2011 10:45~ False~ 0 -0.707106781186551 -0.707106781186544 0 0 0.707106781186544 -0.707106781186551 0 1 0 0 0 0.2265746 0.0470719197594307 -0.127594021679051 1~ WASHER,FLAT,COUNTERSUNK~ u107757 (u107757)~ ~ Released~ ~ 
  1~ AS12943~ C~ AS12943~ ~ AS12943-C~ 06-Oct-2011 10:45~ False~ 0 -0.382683432365095 -0.923879532511285 0 0 0.923879532511285 -0.382683432365095 0 1 0 0 0 0.2265746 0.0923169013871567 -0.099867861278524 1~ WASHER,FLAT,COUNTERSUNK~ u107757 (u107757)~ ~ Released~ ~ 
  1~ AS12943~ C~ AS12943~ ~ AS12943-C~ 06-Oct-2011 10:45~ False~ 0 0.707572732825096 0.706640522304252 0 0 -0.706640522304252 0.707572732825096 0 1 0 0 0 0.3370446 -0.119598348049529 0.108826123431911 1~ WASHER,FLAT,COUNTERSUNK~ u107757 (u107757)~ ~ Released~ ~ 
  1~ AS12943~ C~ AS12943~ ~ AS12943-C~ 06-Oct-2011 10:45~ False~ 0 0.707572732825096 0.706640522304252 0 0 -0.706640522304252 0.707572732825096 0 1 0 0 0 0.3370446 -0.151261299776677 0.0571568822364868 1~ WASHER,FLAT,COUNTERSUNK~ u107757 (u107757)~ ~ Released~ ~ 
  1~ AS12943~ C~ AS12943~ ~ AS12943-C~ 06-Oct-2011 10:45~ False~ 0 0.70756568524491 0.706647579111328 0 0 -0.706647579111328 0.70756568524491 0 1 0 0 0 0.3370446 -0.160723486505615 0.0177440381060405 1~ WASHER,FLAT,COUNTERSUNK~ u107757 (u107757)~ ~ Released~ ~ 
  1~ AS12943~ C~ AS12943~ ~ AS12943-C~ 06-Oct-2011 10:45~ False~ 0 0.70756568524491 0.706647579111328 0 0 -0.706647579111328 0.70756568524491 0 1 0 0 0 0.3370446 -0.155968934573138 -0.0426682721767823 1~ WASHER,FLAT,COUNTERSUNK~ u107757 (u107757)~ ~ Released~ ~ 
  1~ AS12943~ C~ AS12943~ ~ AS12943-C~ 06-Oct-2011 10:45~ False~ 0 0.70756568524491 0.706647579111328 0 0 -0.706647579111328 0.70756568524491 0 1 0 0 0 0.3370446 -0.140457715893168 -0.0801156666829018 1~ WASHER,FLAT,COUNTERSUNK~ u107757 (u107757)~ ~ Released~ ~ 
  1~ AS12943~ C~ AS12943~ ~ AS12943-C~ 06-Oct-2011 10:45~ False~ 0 0.70756568524491 0.706647579111328 0 0 -0.706647579111328 0.70756568524491 0 1 0 0 0 0.3370446 -0.101101737537996 -0.126195596863989 1~ WASHER,FLAT,COUNTERSUNK~ u107757 (u107757)~ ~ Released~ ~ 
  1~ AS12943~ C~ AS12943~ ~ AS12943-C~ 06-Oct-2011 10:45~ False~ 0 0.70756568524491 0.706647579111328 0 0 -0.706647579111328 0.70756568524491 0 1 0 0 0 0.3370446 -0.0475463205985759 -0.154551730490271 1~ WASHER,FLAT,COUNTERSUNK~ u107757 (u107757)~ ~ Released~ ~ 
  1~ AS12943~ C~ AS12943~ ~ AS12943-C~ 06-Oct-2011 10:45~ False~ 0 0.70756568524491 0.706647579111328 0 0 -0.706647579111328 0.70756568524491 0 1 0 0 0 0.3370446 -0.00761711308826157 -0.161520492778732 1~ WASHER,FLAT,COUNTERSUNK~ u107757 (u107757)~ ~ Released~ ~ 
  1~ AS12943~ C~ AS12943~ ~ AS12943-C~ 06-Oct-2011 10:45~ False~ 0 0.70756568524491 0.706647579111328 0 0 -0.706647579111328 0.70756568524491 0 1 0 0 0 0.3370446 0.0327907056506357 -0.158340328474921 1~ WASHER,FLAT,COUNTERSUNK~ u107757 (u107757)~ ~ Released~ ~ 
  1~ AS12943~ C~ AS12943~ ~ AS12943-C~ 06-Oct-2011 10:45~ False~ 0 0.70756568524491 0.706647579111328 0 0 -0.706647579111328 0.70756568524491 0 1 0 0 0 0.3370446 0.0887769896617855 -0.13515005033063 1~ WASHER,FLAT,COUNTERSUNK~ u107757 (u107757)~ ~ Released~ ~ 
  1~ AS12943~ C~ AS12943~ ~ AS12943-C~ 06-Oct-2011 10:45~ False~ 0 0.70756568524491 0.706647579111328 0 0 -0.706647579111328 0.70756568524491 0 1 0 0 0 0.3370446 0.119598348049529 -0.108826123431911 1~ WASHER,FLAT,COUNTERSUNK~ u107757 (u107757)~ ~ Released~ ~ 
  1~ AS12943~ C~ AS12943~ ~ AS12943-C~ 06-Oct-2011 10:45~ False~ 0 0.70756568524491 0.706647579111328 0 0 -0.706647579111328 0.70756568524491 0 1 0 0 0 0.3370446 0.151261299776677 -0.0571568822364869 1~ WASHER,FLAT,COUNTERSUNK~ u107757 (u107757)~ ~ Released~ ~ 
  1~ AS12943~ C~ AS12943~ ~ AS12943-C~ 06-Oct-2011 10:45~ False~ 0 0.707572732825096 0.706640522304252 0 0 -0.706640522304252 0.707572732825096 0 1 0 0 0 0.3370446 0.160723486505615 -0.0177440381060404 1~ WASHER,FLAT,COUNTERSUNK~ u107757 (u107757)~ ~ Released~ ~ 
  1~ AS12943~ C~ AS12943~ ~ AS12943-C~ 06-Oct-2011 10:45~ False~ 0 0.707572732825096 0.706640522304252 0 0 -0.706640522304252 0.707572732825096 0 1 0 0 0 0.3370446 0.155968934573138 0.0426682721767824 1~ WASHER,FLAT,COUNTERSUNK~ u107757 (u107757)~ ~ Released~ ~ 
  1~ AS12943~ C~ AS12943~ ~ AS12943-C~ 06-Oct-2011 10:45~ False~ 0 0.707572732825096 0.706640522304252 0 0 -0.706640522304252 0.707572732825096 0 1 0 0 0 0.3370446 0.140457715893168 0.0801156666829019 1~ WASHER,FLAT,COUNTERSUNK~ u107757 (u107757)~ ~ Released~ ~ 
  1~ AS12943~ C~ AS12943~ ~ AS12943-C~ 06-Oct-2011 10:45~ False~ 0 0.707572732825096 0.706640522304252 0 0 -0.706640522304252 0.707572732825096 0 1 0 0 0 0.3370446 0.101101737537996 0.126195596863989 1~ WASHER,FLAT,COUNTERSUNK~ u107757 (u107757)~ ~ Released~ ~ 
  1~ AS12943~ C~ AS12943~ ~ AS12943-C~ 06-Oct-2011 10:45~ False~ 0 0.707572732825096 0.706640522304252 0 0 -0.706640522304252 0.707572732825096 0 1 0 0 0 0.3370446 0.0475463205985758 0.154551730490271 1~ WASHER,FLAT,COUNTERSUNK~ u107757 (u107757)~ ~ Released~ ~ 
  1~ AS12943~ C~ AS12943~ ~ AS12943-C~ 06-Oct-2011 10:45~ False~ 0 0.707572732825096 0.706640522304252 0 0 -0.706640522304252 0.707572732825096 0 1 0 0 0 0.3370446 0.00761711308826146 0.161520492778732 1~ WASHER,FLAT,COUNTERSUNK~ u107757 (u107757)~ ~ Released~ ~ 
  1~ AS12943~ C~ AS12943~ ~ AS12943-C~ 06-Oct-2011 10:45~ False~ 0 0.707572732825096 0.706640522304252 0 0 -0.706640522304252 0.707572732825096 0 1 0 0 0 0.3370446 -0.0327907056506358 0.158340328474921 1~ WASHER,FLAT,COUNTERSUNK~ u107757 (u107757)~ ~ Released~ ~ 
  1~ AS12943~ C~ AS12943~ ~ AS12943-C~ 06-Oct-2011 10:45~ False~ 0 0.707572732825096 0.706640522304252 0 0 -0.706640522304252 0.707572732825096 0 1 0 0 0 0.3370446 -0.0887769896617856 0.13515005033063 1~ WASHER,FLAT,COUNTERSUNK~ u107757 (u107757)~ ~ Released~ ~ 
  1~ AS12943~ C~ AS12943~ ~ AS12943-C~ 06-Oct-2011 10:45~ False~ 0 0 1 0 0 1 0 0 -1 0 0 0 0.3294446 0.0327907056506357 -0.158340328474921 1~ WASHER,FLAT,COUNTERSUNK~ u107757 (u107757)~ ~ Released~ ~ 
  1~ AS12943~ C~ AS12943~ ~ AS12943-C~ 06-Oct-2011 10:45~ False~ 0 0 1 0 0 1 0 0 -1 0 0 0 0.3294446 0.0887769896617855 -0.13515005033063 1~ WASHER,FLAT,COUNTERSUNK~ u107757 (u107757)~ ~ Released~ ~ 
  1~ AS12943~ C~ AS12943~ ~ AS12943-C~ 06-Oct-2011 10:45~ False~ 0 0 1 0 0 1 0 0 -1 0 0 0 0.3294446 0.119598348049529 -0.108826123431911 1~ WASHER,FLAT,COUNTERSUNK~ u107757 (u107757)~ ~ Released~ ~ 
  1~ AS12943~ C~ AS12943~ ~ AS12943-C~ 06-Oct-2011 10:45~ False~ 0 0 1 0 0 1 0 0 -1 0 0 0 0.3294446 0.151261299776677 -0.0571568822364869 1~ WASHER,FLAT,COUNTERSUNK~ u107757 (u107757)~ ~ Released~ ~ 
  1~ AS12943~ C~ AS12943~ ~ AS12943-C~ 06-Oct-2011 10:45~ False~ 0 9.97331001042485e-006 0.999999999950267 0 0 0.999999999950267 -9.97331001042485e-006 0 -1 0 0 0 0.3294446 0.160723486505615 -0.0177440381060404 1~ WASHER,FLAT,COUNTERSUNK~ u107757 (u107757)~ ~ Released~ ~ 
  1~ AS12943~ C~ AS12943~ ~ AS12943-C~ 06-Oct-2011 10:45~ False~ 0 9.97331001042485e-006 0.999999999950267 0 0 0.999999999950267 -9.97331001042485e-006 0 -1 0 0 0 0.3294446 0.155968934573138 0.0426682721767824 1~ WASHER,FLAT,COUNTERSUNK~ u107757 (u107757)~ ~ Released~ ~ 
  1~ AS12943~ C~ AS12943~ ~ AS12943-C~ 06-Oct-2011 10:45~ False~ 0 9.97331001042485e-006 0.999999999950267 0 0 0.999999999950267 -9.97331001042485e-006 0 -1 0 0 0 0.3294446 0.140457715893168 0.0801156666829019 1~ WASHER,FLAT,COUNTERSUNK~ u107757 (u107757)~ ~ Released~ ~ 
  1~ AS12943~ C~ AS12943~ ~ AS12943-C~ 06-Oct-2011 10:45~ False~ 0 9.97331001042485e-006 0.999999999950267 0 0 0.999999999950267 -9.97331001042485e-006 0 -1 0 0 0 0.3294446 0.101101737537996 0.12619559686399 1~ WASHER,FLAT,COUNTERSUNK~ u107757 (u107757)~ ~ Released~ ~ 
  1~ AS12943~ C~ AS12943~ ~ AS12943-C~ 06-Oct-2011 10:45~ False~ 0 9.97331001042485e-006 0.999999999950267 0 0 0.999999999950267 -9.97331001042485e-006 0 -1 0 0 0 0.3294446 0.0475463205985758 0.154551730490271 1~ WASHER,FLAT,COUNTERSUNK~ u107757 (u107757)~ ~ Released~ ~ 
  1~ AS12943~ C~ AS12943~ ~ AS12943-C~ 06-Oct-2011 10:45~ False~ 0 9.97331001042485e-006 0.999999999950267 0 0 0.999999999950267 -9.97331001042485e-006 0 -1 0 0 0 0.3294446 0.00761711308826144 0.161520492778732 1~ WASHER,FLAT,COUNTERSUNK~ u107757 (u107757)~ ~ Released~ ~ 
  1~ AS12943~ C~ AS12943~ ~ AS12943-C~ 06-Oct-2011 10:45~ False~ 0 9.97331001042485e-006 0.999999999950267 0 0 0.999999999950267 -9.97331001042485e-006 0 -1 0 0 0 0.3294446 -0.0327907056506358 0.158340328474921 1~ WASHER,FLAT,COUNTERSUNK~ u107757 (u107757)~ ~ Released~ ~ 
  1~ AS12943~ C~ AS12943~ ~ AS12943-C~ 06-Oct-2011 10:45~ False~ 0 9.97331001042485e-006 0.999999999950267 0 0 0.999999999950267 -9.97331001042485e-006 0 -1 0 0 0 0.3294446 -0.0887769896617856 0.13515005033063 1~ WASHER,FLAT,COUNTERSUNK~ u107757 (u107757)~ ~ Released~ ~ 
  1~ AS12943~ C~ AS12943~ ~ AS12943-C~ 06-Oct-2011 10:45~ False~ 0 9.97331001042485e-006 0.999999999950267 0 0 0.999999999950267 -9.97331001042485e-006 0 -1 0 0 0 0.3294446 -0.119598348049529 0.108826123431911 1~ WASHER,FLAT,COUNTERSUNK~ u107757 (u107757)~ ~ Released~ ~ 
  1~ AS12943~ C~ AS12943~ ~ AS12943-C~ 06-Oct-2011 10:45~ False~ 0 9.97331001042485e-006 0.999999999950267 0 0 0.999999999950267 -9.97331001042485e-006 0 -1 0 0 0 0.3294446 -0.151261299776677 0.0571568822364868 1~ WASHER,FLAT,COUNTERSUNK~ u107757 (u107757)~ ~ Released~ ~ 
  1~ AS12943~ C~ AS12943~ ~ AS12943-C~ 06-Oct-2011 10:45~ False~ 0 0 1 0 0 1 0 0 -1 0 0 0 0.3294446 -0.160723486505615 0.0177440381060405 1~ WASHER,FLAT,COUNTERSUNK~ u107757 (u107757)~ ~ Released~ ~ 
  1~ AS12943~ C~ AS12943~ ~ AS12943-C~ 06-Oct-2011 10:45~ False~ 0 0 1 0 0 1 0 0 -1 0 0 0 0.3294446 -0.155968934573138 -0.0426682721767823 1~ WASHER,FLAT,COUNTERSUNK~ u107757 (u107757)~ ~ Released~ ~ 
  1~ AS12943~ C~ AS12943~ ~ AS12943-C~ 06-Oct-2011 10:45~ False~ 0 0 1 0 0 1 0 0 -1 0 0 0 0.3294446 -0.140457715893168 -0.0801156666829018 1~ WASHER,FLAT,COUNTERSUNK~ u107757 (u107757)~ ~ Released~ ~ 
  1~ AS12943~ C~ AS12943~ ~ AS12943-C~ 06-Oct-2011 10:45~ False~ 0 0 1 0 0 1 0 0 -1 0 0 0 0.3294446 -0.101101737537996 -0.126195596863989 1~ WASHER,FLAT,COUNTERSUNK~ u107757 (u107757)~ ~ Released~ ~ 
  1~ AS12943~ C~ AS12943~ ~ AS12943-C~ 06-Oct-2011 10:45~ False~ 0 0 1 0 0 1 0 0 -1 0 0 0 0.3294446 -0.0475463205985759 -0.154551730490271 1~ WASHER,FLAT,COUNTERSUNK~ u107757 (u107757)~ ~ Released~ ~ 
  1~ AS12943~ C~ AS12943~ ~ AS12943-C~ 06-Oct-2011 10:45~ False~ 0 0 1 0 0 1 0 0 -1 0 0 0 0.3294446 -0.00761711308826156 -0.161520492778732 1~ WASHER,FLAT,COUNTERSUNK~ u107757 (u107757)~ ~ Released~ ~ 
  1~ AS48413~ F~ AS48413~ ~ AS48413-F~ 12-Aug-2009 08:27~ False~ 0 9.97331001198518e-006 0.999999999950267 0 0 0.999999999950267 -9.97331001198518e-006 0 -1 0 0 0 0.2286066 -0.123507471633483 0.0569377243027576 1~ BOLT,DOUBLE HEX,PD SHANK~ Oroz, Nenad (unenado)~ ~ Released~ ~ 
  1~ AS48413~ F~ AS48413~ ~ AS48413-F~ 12-Aug-2009 08:27~ False~ 0 -0.382674218209065 0.923883349085847 0 0 0.923883349085847 0.382674218209065 0 -1 0 0 0 0.2286066 -0.13589514892163 0.00533933494365286 1~ BOLT,DOUBLE HEX,PD SHANK~ Oroz, Nenad (unenado)~ ~ Released~ ~ 
  1~ AS48413~ F~ AS48413~ ~ AS48413-F~ 12-Aug-2009 08:27~ False~ 0 -0.70709972895624 0.707113833346522 0 0 0.707113833346522 0.70709972895624 0 -1 0 0 0 0.2286066 -0.127594021679051 -0.0470719197594312 1~ BOLT,DOUBLE HEX,PD SHANK~ Oroz, Nenad (unenado)~ ~ Released~ ~ 
  1~ AS48413~ F~ AS48413~ ~ AS48413-F~ 12-Aug-2009 08:27~ False~ 0 -0.923875715844831 0.38269264648305 0 0 0.38269264648305 0.923875715844831 0 -1 0 0 0 0.2286066 -0.0998678612785236 -0.092316901387157 1~ BOLT,DOUBLE HEX,PD SHANK~ Oroz, Nenad (unenado)~ ~ Released~ ~ 
  1~ AS48413~ F~ AS48413~ ~ AS48413-F~ 12-Aug-2009 08:27~ False~ 0 -0.999999999950267 9.97331001216462e-006 0 0 9.97331001216462e-006 0.999999999950267 0 -1 0 0 0 0.2286066 -0.0569377243027576 -0.123507471633483 1~ BOLT,DOUBLE HEX,PD SHANK~ Oroz, Nenad (unenado)~ ~ Released~ ~ 
  1~ AS48413~ F~ AS48413~ ~ AS48413-F~ 12-Aug-2009 08:27~ False~ 0 -0.923883349085847 -0.382674218209064 0 0 -0.382674218209064 0.923883349085847 0 -1 0 0 0 0.2286066 -0.00533933494365304 -0.13589514892163 1~ BOLT,DOUBLE HEX,PD SHANK~ Oroz, Nenad (unenado)~ ~ Released~ ~ 
  1~ AS48413~ F~ AS48413~ ~ AS48413-F~ 12-Aug-2009 08:27~ False~ 0 -0.707113833346523 -0.707099728956239 0 0 -0.707099728956239 0.707113833346523 0 -1 0 0 0 0.2286066 0.047071919759431 -0.127594021679051 1~ BOLT,DOUBLE HEX,PD SHANK~ Oroz, Nenad (unenado)~ ~ Released~ ~ 
  1~ AS48413~ F~ AS48413~ ~ AS48413-F~ 12-Aug-2009 08:27~ False~ 0 -0.382692646483052 -0.923875715844831 0 0 -0.923875715844831 0.382692646483052 0 -1 0 0 0 0.2286066 0.0923169013871569 -0.0998678612785237 1~ BOLT,DOUBLE HEX,PD SHANK~ Oroz, Nenad (unenado)~ ~ Released~ ~ 
  1~ AS48413~ F~ AS48413~ ~ AS48413-F~ 12-Aug-2009 08:27~ False~ 0 -9.97331001333608e-006 -0.999999999950267 0 0 -0.999999999950267 9.97331001333608e-006 0 -1 0 0 0 0.2286066 0.123507471633483 -0.0569377243027578 1~ BOLT,DOUBLE HEX,PD SHANK~ Oroz, Nenad (unenado)~ ~ Released~ ~ 
  1~ AS48413~ F~ AS48413~ ~ AS48413-F~ 12-Aug-2009 08:27~ False~ 0 0.382674218209063 -0.923883349085848 0 0 -0.923883349085848 -0.382674218209063 0 -1 0 0 0 0.2286066 0.13589514892163 -0.00533933494365321 1~ BOLT,DOUBLE HEX,PD SHANK~ Oroz, Nenad (unenado)~ ~ Released~ ~ 
  1~ AS48413~ F~ AS48413~ ~ AS48413-F~ 12-Aug-2009 08:27~ False~ 0 0.707099728956238 -0.707113833346524 0 0 -0.707113833346524 -0.707099728956238 0 -1 0 0 0 0.2286066 0.127594021679051 0.0470719197594308 1~ BOLT,DOUBLE HEX,PD SHANK~ Oroz, Nenad (unenado)~ ~ Released~ ~ 
  1~ AS48413~ F~ AS48413~ ~ AS48413-F~ 12-Aug-2009 08:27~ False~ 0 0.92387571584483 -0.382692646483053 0 0 -0.382692646483053 -0.92387571584483 0 -1 0 0 0 0.2286066 0.0998678612785238 0.0923169013871568 1~ BOLT,DOUBLE HEX,PD SHANK~ Oroz, Nenad (unenado)~ ~ Released~ ~ 
  1~ AS48413~ F~ AS48413~ ~ AS48413-F~ 12-Aug-2009 08:27~ False~ 0 0.999999999950267 -9.97331001472958e-006 0 0 -9.97331001472958e-006 -0.999999999950267 0 -1 0 0 0 0.2286066 0.056937724302758 0.123507471633483 1~ BOLT,DOUBLE HEX,PD SHANK~ Oroz, Nenad (unenado)~ ~ Released~ ~ 
  1~ AS48413~ F~ AS48413~ ~ AS48413-F~ 12-Aug-2009 08:27~ False~ 0 0.923883349085848 0.382674218209062 0 0 0.382674218209062 -0.923883349085848 0 -1 0 0 0 0.2286066 0.00533933494365338 0.13589514892163 1~ BOLT,DOUBLE HEX,PD SHANK~ Oroz, Nenad (unenado)~ ~ Released~ ~ 
  1~ AS48413~ F~ AS48413~ ~ AS48413-F~ 12-Aug-2009 08:27~ False~ 0 0.707113833346525 0.707099728956237 0 0 0.707099728956237 -0.707113833346525 0 -1 0 0 0 0.2286066 -0.0470719197594307 0.127594021679051 1~ BOLT,DOUBLE HEX,PD SHANK~ Oroz, Nenad (unenado)~ ~ Released~ ~ 
  1~ AS48413~ F~ AS48413~ ~ AS48413-F~ 12-Aug-2009 08:27~ False~ 0 0.382692646483054 0.92387571584483 0 0 0.92387571584483 -0.382692646483054 0 -1 0 0 0 0.2286066 -0.0923169013871566 0.099867861278524 1~ BOLT,DOUBLE HEX,PD SHANK~ Oroz, Nenad (unenado)~ ~ Released~ ~ 
  1~ AS48413~ F~ AS48413~ ~ AS48413-F~ 12-Aug-2009 08:27~ False~ 0 0.382917596175481 0.923782503914851 0 0 0.923782503914851 -0.382917596175481 0 -1 0 0 0 0.3390766 -0.00761711308826156 -0.161520492778732 1~ BOLT,DOUBLE HEX,PD SHANK~ Oroz, Nenad (unenado)~ ~ Released~ ~ 
  1~ AS48413~ F~ AS48413~ ~ AS48413-F~ 12-Aug-2009 08:27~ False~ 0 0.382917596175481 0.923782503914851 0 0 0.923782503914851 -0.382917596175481 0 -1 0 0 0 0.3390766 -0.0475463205985759 -0.154551730490271 1~ BOLT,DOUBLE HEX,PD SHANK~ Oroz, Nenad (unenado)~ ~ Released~ ~ 
  1~ AS48413~ F~ AS48413~ ~ AS48413-F~ 12-Aug-2009 08:27~ False~ 0 0.382917596175481 0.923782503914851 0 0 0.923782503914851 -0.382917596175481 0 -1 0 0 0 0.3390766 -0.101101737537996 -0.126195596863989 1~ BOLT,DOUBLE HEX,PD SHANK~ Oroz, Nenad (unenado)~ ~ Released~ ~ 
  1~ AS48413~ F~ AS48413~ ~ AS48413-F~ 12-Aug-2009 08:27~ False~ 0 0.382917596175481 0.923782503914851 0 0 0.923782503914851 -0.382917596175481 0 -1 0 0 0 0.3390766 -0.140457715893168 -0.0801156666829018 1~ BOLT,DOUBLE HEX,PD SHANK~ Oroz, Nenad (unenado)~ ~ Released~ ~ 
  1~ AS48413~ F~ AS48413~ ~ AS48413-F~ 12-Aug-2009 08:27~ False~ 0 0.382917596175481 0.923782503914851 0 0 0.923782503914851 -0.382917596175481 0 -1 0 0 0 0.3390766 -0.155968934573138 -0.0426682721767823 1~ BOLT,DOUBLE HEX,PD SHANK~ Oroz, Nenad (unenado)~ ~ Released~ ~ 
  1~ AS48413~ F~ AS48413~ ~ AS48413-F~ 12-Aug-2009 08:27~ False~ 0 0.382917596175481 0.923782503914851 0 0 0.923782503914851 -0.382917596175481 0 -1 0 0 0 0.3390766 -0.160723486505615 0.0177440381060405 1~ BOLT,DOUBLE HEX,PD SHANK~ Oroz, Nenad (unenado)~ ~ Released~ ~ 
  1~ AS48413~ F~ AS48413~ ~ AS48413-F~ 12-Aug-2009 08:27~ False~ 0 0.382926809325732 0.923778684913013 0 0 0.923778684913013 -0.382926809325732 0 -1 0 0 0 0.3390766 -0.151261299776677 0.0571568822364868 1~ BOLT,DOUBLE HEX,PD SHANK~ Oroz, Nenad (unenado)~ ~ Released~ ~ 
  1~ AS48413~ F~ AS48413~ ~ AS48413-F~ 12-Aug-2009 08:27~ False~ 0 0.382926809325732 0.923778684913013 0 0 0.923778684913013 -0.382926809325732 0 -1 0 0 0 0.3390766 -0.119598348049529 0.108826123431911 1~ BOLT,DOUBLE HEX,PD SHANK~ Oroz, Nenad (unenado)~ ~ Released~ ~ 
  1~ AS48413~ F~ AS48413~ ~ AS48413-F~ 12-Aug-2009 08:27~ False~ 0 0.382926809325732 0.923778684913013 0 0 0.923778684913013 -0.382926809325732 0 -1 0 0 0 0.3390766 -0.0887769896617856 0.13515005033063 1~ BOLT,DOUBLE HEX,PD SHANK~ Oroz, Nenad (unenado)~ ~ Released~ ~ 
  1~ AS48413~ F~ AS48413~ ~ AS48413-F~ 12-Aug-2009 08:27~ False~ 0 0.382926809325732 0.923778684913013 0 0 0.923778684913013 -0.382926809325732 0 -1 0 0 0 0.3390766 -0.0327907056506358 0.158340328474921 1~ BOLT,DOUBLE HEX,PD SHANK~ Oroz, Nenad (unenado)~ ~ Released~ ~ 
  1~ AS48413~ F~ AS48413~ ~ AS48413-F~ 12-Aug-2009 08:27~ False~ 0 0.382926809325732 0.923778684913013 0 0 0.923778684913013 -0.382926809325732 0 -1 0 0 0 0.3390766 0.00761711308826145 0.161520492778732 1~ BOLT,DOUBLE HEX,PD SHANK~ Oroz, Nenad (unenado)~ ~ Released~ ~ 
  1~ AS48413~ F~ AS48413~ ~ AS48413-F~ 12-Aug-2009 08:27~ False~ 0 0.382926809325732 0.923778684913013 0 0 0.923778684913013 -0.382926809325732 0 -1 0 0 0 0.3390766 0.0475463205985758 0.154551730490271 1~ BOLT,DOUBLE HEX,PD SHANK~ Oroz, Nenad (unenado)~ ~ Released~ ~ 
  1~ AS48413~ F~ AS48413~ ~ AS48413-F~ 12-Aug-2009 08:27~ False~ 0 0.382926809325732 0.923778684913013 0 0 0.923778684913013 -0.382926809325732 0 -1 0 0 0 0.3390766 0.101101737537996 0.12619559686399 1~ BOLT,DOUBLE HEX,PD SHANK~ Oroz, Nenad (unenado)~ ~ Released~ ~ 
  1~ AS48413~ F~ AS48413~ ~ AS48413-F~ 12-Aug-2009 08:27~ False~ 0 0.382926809325732 0.923778684913013 0 0 0.923778684913013 -0.382926809325732 0 -1 0 0 0 0.3390766 0.140457715893168 0.0801156666829019 1~ BOLT,DOUBLE HEX,PD SHANK~ Oroz, Nenad (unenado)~ ~ Released~ ~ 
  1~ AS48413~ F~ AS48413~ ~ AS48413-F~ 12-Aug-2009 08:27~ False~ 0 0.382926809325732 0.923778684913013 0 0 0.923778684913013 -0.382926809325732 0 -1 0 0 0 0.3390766 0.155968934573138 0.0426682721767825 1~ BOLT,DOUBLE HEX,PD SHANK~ Oroz, Nenad (unenado)~ ~ Released~ ~ 
  1~ AS48413~ F~ AS48413~ ~ AS48413-F~ 12-Aug-2009 08:27~ False~ 0 0.382926809325732 0.923778684913013 0 0 0.923778684913013 -0.382926809325732 0 -1 0 0 0 0.3390766 0.160723486505615 -0.0177440381060404 1~ BOLT,DOUBLE HEX,PD SHANK~ Oroz, Nenad (unenado)~ ~ Released~ ~ 
  1~ AS48413~ F~ AS48413~ ~ AS48413-F~ 12-Aug-2009 08:27~ False~ 0 0.382917596175481 0.923782503914851 0 0 0.923782503914851 -0.382917596175481 0 -1 0 0 0 0.3390766 0.151261299776677 -0.0571568822364869 1~ BOLT,DOUBLE HEX,PD SHANK~ Oroz, Nenad (unenado)~ ~ Released~ ~ 
  1~ AS48413~ F~ AS48413~ ~ AS48413-F~ 12-Aug-2009 08:27~ False~ 0 0.382917596175481 0.923782503914851 0 0 0.923782503914851 -0.382917596175481 0 -1 0 0 0 0.3390766 0.119598348049529 -0.108826123431911 1~ BOLT,DOUBLE HEX,PD SHANK~ Oroz, Nenad (unenado)~ ~ Released~ ~ 
  1~ AS48413~ F~ AS48413~ ~ AS48413-F~ 12-Aug-2009 08:27~ False~ 0 0.382917596175481 0.923782503914851 0 0 0.923782503914851 -0.382917596175481 0 -1 0 0 0 0.3390766 0.0887769896617855 -0.13515005033063 1~ BOLT,DOUBLE HEX,PD SHANK~ Oroz, Nenad (unenado)~ ~ Released~ ~ 
  1~ AS48413~ F~ AS48413~ ~ AS48413-F~ 12-Aug-2009 08:27~ False~ 0 0.382917596175481 0.923782503914851 0 0 0.923782503914851 -0.382917596175481 0 -1 0 0 0 0.3390766 0.0327907056506357 -0.158340328474921 1~ BOLT,DOUBLE HEX,PD SHANK~ Oroz, Nenad (unenado)~ ~ Released~ ~ 
  1~ AS49113~ F~ AS49113~ ~ AS49113-F~ 10-Mar-2006 08:45~ False~ 0 -0.0871557427476582 0.996194698091746 0 0 -0.996194698091746 -0.0871557427476582 0 1 0 0 0 0.4042346 0.176816627269179 -0.024456702990231 1~ BOLT,TEE HEAD,PD SHANK~ Stevenson, Ian B (u412682)~ ~ Released~ ~ 
  1~ AS49113~ F~ AS49113~ ~ AS49113-F~ 10-Mar-2006 08:45~ False~ 0 0.101056297182947 0.994880708828788 0 0 -0.994880708828788 0.101056297182947 0 1 0 0 0 0.4042346 0.168647879294338 -0.0584819870517625 1~ BOLT,TEE HEAD,PD SHANK~ Stevenson, Ian B (u412682)~ ~ Released~ ~ 
  1~ AS49113~ F~ AS49113~ ~ AS49113-F~ 10-Mar-2006 08:45~ False~ 0 0.559192903470747 0.829037572555041 0 0 -0.829037572555041 0.559192903470747 0 1 0 0 0 0.4042346 0.12116593307763 -0.13107656793427 1~ BOLT,TEE HEAD,PD SHANK~ Stevenson, Ian B (u412682)~ ~ Released~ ~ 
  1~ AS49113~ F~ AS49113~ ~ AS49113-F~ 10-Mar-2006 08:45~ False~ 0 0.882947592858927 0.46947156278589 0 0 -0.46947156278589 0.882947592858927 0 1 0 0 0 0.4042346 0.0450697464972057 -0.172716437986307 1~ BOLT,TEE HEAD,PD SHANK~ Stevenson, Ian B (u412682)~ ~ Released~ ~ 
  1~ AS49113~ F~ AS49113~ ~ AS49113-F~ 10-Mar-2006 08:45~ False~ 0 -1 0 0 0 0 -1 0 1 0 0 0 0.4042346 -0.0416699974482791 -0.173568030790985 1~ BOLT,TEE HEAD,PD SHANK~ Stevenson, Ian B (u412682)~ ~ Released~ ~ 
  1~ AS49113~ F~ AS49113~ ~ AS49113-F~ 10-Mar-2006 08:45~ False~ 0 -0.882947592858927 0.469471562785891 0 0 -0.469471562785891 -0.882947592858927 0 1 0 0 0 0.4042346 -0.118569060167164 -0.133430236344974 1~ BOLT,TEE HEAD,PD SHANK~ Stevenson, Ian B (u412682)~ ~ Released~ ~ 
  1~ AS49113~ F~ AS49113~ ~ AS49113-F~ 10-Mar-2006 08:45~ False~ 0 0.559192903470747 -0.829037572555042 0 0 0.829037572555042 0.559192903470747 0 1 0 0 0 0.4042346 -0.167467153462163 -0.0617818946883326 1~ BOLT,TEE HEAD,PD SHANK~ Stevenson, Ian B (u412682)~ ~ Released~ ~ 
  1~ AS49113~ F~ AS49113~ ~ AS49113-F~ 10-Mar-2006 08:45~ False~ 0 0.104528463267653 -0.994521895368273 0 0 0.994521895368273 0.104528463267653 0 1 0 0 0 0.4042346 -0.176816627269178 0.0244567029902312 1~ BOLT,TEE HEAD,PD SHANK~ Stevenson, Ian B (u412682)~ ~ Released~ ~ 
  1~ AS49113~ F~ AS49113~ ~ AS49113-F~ 10-Mar-2006 08:45~ False~ 0 0.0958457525202244 0.995396198367179 0 0 -0.995396198367179 0.0958457525202244 0 1 0 0 0 0.4042346 -0.168647879294338 0.0584819870517624 1~ BOLT,TEE HEAD,PD SHANK~ Stevenson, Ian B (u412682)~ ~ Released~ ~ 
  1~ AS49113~ F~ AS49113~ ~ AS49113-F~ 10-Mar-2006 08:45~ False~ 0 0.559192903470747 0.829037572555041 0 0 -0.829037572555041 0.559192903470747 0 1 0 0 0 0.4042346 -0.12116593307763 0.13107656793427 1~ BOLT,TEE HEAD,PD SHANK~ Stevenson, Ian B (u412682)~ ~ Released~ ~ 
  1~ AS49113~ F~ AS49113~ ~ AS49113-F~ 10-Mar-2006 08:45~ False~ 0 0.882947592858927 0.469471562785891 0 0 -0.469471562785891 0.882947592858927 0 1 0 0 0 0.4042346 -0.0450697464972059 0.172716437986307 1~ BOLT,TEE HEAD,PD SHANK~ Stevenson, Ian B (u412682)~ ~ Released~ ~ 
  1~ AS49113~ F~ AS49113~ ~ AS49113-F~ 10-Mar-2006 08:45~ False~ 0 -1 0 0 0 0 -1 0 1 0 0 0 0.4042346 0.041669997448279 0.173568030790986 1~ BOLT,TEE HEAD,PD SHANK~ Stevenson, Ian B (u412682)~ ~ Released~ ~ 
  1~ AS49113~ F~ AS49113~ ~ AS49113-F~ 10-Mar-2006 08:45~ False~ 0 -0.878817112661965 0.477158760259609 0 0 -0.477158760259609 -0.878817112661965 0 1 0 0 0 0.4042346 0.118569060167164 0.133430236344974 1~ BOLT,TEE HEAD,PD SHANK~ Stevenson, Ian B (u412682)~ ~ Released~ ~ 
  1~ AS49113~ F~ AS49113~ ~ AS49113-F~ 10-Mar-2006 08:45~ False~ 0 0.544639035015027 -0.838670567945424 0 0 0.838670567945424 0.544639035015027 0 1 0 0 0 0.4042346 0.167467153462163 0.0617818946883328 1~ BOLT,TEE HEAD,PD SHANK~ Stevenson, Ian B (u412682)~ ~ Released~ ~ 
  1~ FW50722~ K~ FW50722~ ~ FW50722_DWG~ 02-Mar-2009 08:53~ True~ 1 0 0 0 0 1 0 0 0 0 1 0 0.1046246 -1.4210854715202e-017 1.99999999999534e-006 1~ VANE,ASSY OF, INLET GUIDE~ u9502270 (u9502270)~ ~ Released~ ~ 
   2~ NPN11854~ L~ NPN11854~ ~ NPN11854-L~ 10-Mar-2009 13:14~ True~ 1 0 0 0 0 1 0 0 0 0 1 0 0 0 0 1~ VANE,HPC, INLET GUIDE~ u9502270 (u9502270)~ ~ Released~ ~ 
	8~ DFE0001258~ G~ DFE0001258~ ~ ~ 26-Oct-2007 10:22~ False~ 1 0 0 0 0 1 0 0 0 0 1 0 0 0 0 1~ AEROFOIL~ Mueller, Andreas (u326583)~ ~ Released~ ~ 
	8~ DFE0001099~ E~ DFE0001099~ ~ ~ 30-Aug-2007 11:11~ False~ 1 0 0 0 0 1 0 0 0 0 1 0 0.03615 0 0 1~ ENVELOPE~ Kneissl, Rose-Marie (kneissro)~ ~ Released~ ~ 
	8~ DFE0001475~ D~ DFE0001475~ ~ ~ 11-Mar-2009 14:13~ False~ 1 0 0 0 0 1 0 0 0 0 1 0 0.03615 0 0 1~ ENVELOPE~ u9502270 (u9502270)~ ~ Released~ ~ 
   2~ AGS3732~ F~ AGS3732~ ~ AGS3732-F~ 05-Dec-2011 15:22~ False~ 0 0 -1 0 -0.000503710378155275 0.999999873137919 0 0 0.999999873137919 0.000503710378155275 0 0 -0.00589999999999996 4.17634676841416e-019 0.307368 1~ INSERT-SCRW THRD,UNIFIED,HELICAL~ Jolliff, Simon [Installations] (u10717r)~ ~ Released~ ~ 
  1~ FW50722~ K~ FW50722~ ~ FW50722_DWG~ 02-Mar-2009 08:53~ True~ 1 0 0 0 0 0.987688340595138 0.156434465040231 0 0 -0.156434465040231 0.987688340595138 0 0.1046246 -3.12868930098631e-007 1.97537668118297e-006 1~ VANE,ASSY OF, INLET GUIDE~ u9502270 (u9502270)~ ~ Released~ ~ 
   2~ NPN11854~ L~ NPN11854~ ~ NPN11854-L~ 10-Mar-2009 13:14~ True~ 1 0 0 0 0 1 0 0 0 0 1 0 0 0 0 1~ VANE,HPC, INLET GUIDE~ u9502270 (u9502270)~ ~ Released~ ~ 
	8~ DFE0001258~ G~ DFE0001258~ ~ ~ 26-Oct-2007 10:22~ False~ 1 0 0 0 0 1 0 0 0 0 1 0 0 0 0 1~ AEROFOIL~ Mueller, Andreas (u326583)~ ~ Released~ ~ 
	8~ DFE0001099~ E~ DFE0001099~ ~ ~ 30-Aug-2007 11:11~ False~ 1 0 0 0 0 1 0 0 0 0 1 0 0.03615 0 0 1~ ENVELOPE~ Kneissl, Rose-Marie (kneissro)~ ~ Released~ ~ 
	8~ DFE0001475~ D~ DFE0001475~ ~ ~ 11-Mar-2009 14:13~ False~ 1 0 0 0 0 1 0 0 0 0 1 0 0.03615 0 0 1~ ENVELOPE~ u9502270 (u9502270)~ ~ Released~ ~ 
   2~ AGS3732~ F~ AGS3732~ ~ AGS3732-F~ 05-Dec-2011 15:22~ False~ 0 0 -1 0 -0.000503710378155275 0.999999873137919 0 0 0.999999873137919 0.000503710378155275 0 0 -0.00589999999999996 4.17634676841416e-019 0.307368 1~ INSERT-SCRW THRD,UNIFIED,HELICAL~ Jolliff, Simon [Installations] (u10717r)~ ~ Released~ ~ 
  1~ FW50722~ K~ FW50722~ ~ FW50722_DWG~ 02-Mar-2009 08:53~ True~ 1 0 0 0 0 0.951056516295154 0.309016994374947 0 0 -0.309016994374947 0.951056516295154 0 0.1046246 -6.18033988768474e-007 1.90211303258003e-006 1~ VANE,ASSY OF, INLET GUIDE~ u9502270 (u9502270)~ ~ Released~ ~ 
   2~ NPN11854~ L~ NPN11854~ ~ NPN11854-L~ 10-Mar-2009 13:14~ True~ 1 0 0 0 0 1 0 0 0 0 1 0 0 0 0 1~ VANE,HPC, INLET GUIDE~ u9502270 (u9502270)~ ~ Released~ ~ 
	8~ DFE0001258~ G~ DFE0001258~ ~ ~ 26-Oct-2007 10:22~ False~ 1 0 0 0 0 1 0 0 0 0 1 0 0 0 0 1~ AEROFOIL~ Mueller, Andreas (u326583)~ ~ Released~ ~ 
	8~ DFE0001099~ E~ DFE0001099~ ~ ~ 30-Aug-2007 11:11~ False~ 1 0 0 0 0 1 0 0 0 0 1 0 0.03615 0 0 1~ ENVELOPE~ Kneissl, Rose-Marie (kneissro)~ ~ Released~ ~ 
	8~ DFE0001475~ D~ DFE0001475~ ~ ~ 11-Mar-2009 14:13~ False~ 1 0 0 0 0 1 0 0 0 0 1 0 0.03615 0 0 1~ ENVELOPE~ u9502270 (u9502270)~ ~ Released~ ~ 
   2~ AGS3732~ F~ AGS3732~ ~ AGS3732-F~ 05-Dec-2011 15:22~ False~ 0 0 -1 0 -0.000503710378155275 0.999999873137919 0 0 0.999999873137919 0.000503710378155275 0 0 -0.00589999999999996 4.17634676841416e-019 0.307368 1~ INSERT-SCRW THRD,UNIFIED,HELICAL~ Jolliff, Simon [Installations] (u10717r)~ ~ Released~ ~ 
  1~ FW50722~ K~ FW50722~ ~ FW50722_DWG~ 02-Mar-2009 08:53~ True~ 1 0 0 0 0 0.891006524188368 0.453990499739546 0 0 -0.453990499739546 0.891006524188368 0 0.1046246 -9.07980999492963e-007 1.78201304836456e-006 1~ VANE,ASSY OF, INLET GUIDE~ u9502270 (u9502270)~ ~ Released~ ~ 
   2~ NPN11854~ L~ NPN11854~ ~ NPN11854-L~ 10-Mar-2009 13:14~ True~ 1 0 0 0 0 1 0 0 0 0 1 0 0 0 0 1~ VANE,HPC, INLET GUIDE~ u9502270 (u9502270)~ ~ Released~ ~ 
	8~ DFE0001258~ G~ DFE0001258~ ~ ~ 26-Oct-2007 10:22~ False~ 1 0 0 0 0 1 0 0 0 0 1 0 0 0 0 1~ AEROFOIL~ Mueller, Andreas (u326583)~ ~ Released~ ~ 
	8~ DFE0001099~ E~ DFE0001099~ ~ ~ 30-Aug-2007 11:11~ False~ 1 0 0 0 0 1 0 0 0 0 1 0 0.03615 0 0 1~ ENVELOPE~ Kneissl, Rose-Marie (kneissro)~ ~ Released~ ~ 
	8~ DFE0001475~ D~ DFE0001475~ ~ ~ 11-Mar-2009 14:13~ False~ 1 0 0 0 0 1 0 0 0 0 1 0 0.03615 0 0 1~ ENVELOPE~ u9502270 (u9502270)~ ~ Released~ ~ 
   2~ AGS3732~ F~ AGS3732~ ~ AGS3732-F~ 05-Dec-2011 15:22~ False~ 0 0 -1 0 -0.000503710378155275 0.999999873137919 0 0 0.999999873137919 0.000503710378155275 0 0 -0.00589999999999996 4.17634676841416e-019 0.307368 1~ INSERT-SCRW THRD,UNIFIED,HELICAL~ Jolliff, Simon [Installations] (u10717r)~ ~ Released~ ~ 
  1~ FW50722~ K~ FW50722~ ~ FW50722_DWG~ 02-Mar-2009 08:53~ True~ 1 0 0 0 0 0.809016994374948 0.587785252292473 0 0 -0.587785252292473 0.809016994374948 0 0.1046246 -1.17557050459993e-006 1.61803398873239e-006 1~ VANE,ASSY OF, INLET GUIDE~ u9502270 (u9502270)~ ~ Released~ ~ 
   2~ NPN11854~ L~ NPN11854~ ~ NPN11854-L~ 10-Mar-2009 13:14~ True~ 1 0 0 0 0 1 0 0 0 0 1 0 0 0 0 1~ VANE,HPC, INLET GUIDE~ u9502270 (u9502270)~ ~ Released~ ~ 
	8~ DFE0001258~ G~ DFE0001258~ ~ ~ 26-Oct-2007 10:22~ False~ 1 0 0 0 0 1 0 0 0 0 1 0 0 0 0 1~ AEROFOIL~ Mueller, Andreas (u326583)~ ~ Released~ ~ 
	8~ DFE0001099~ E~ DFE0001099~ ~ ~ 30-Aug-2007 11:11~ False~ 1 0 0 0 0 1 0 0 0 0 1 0 0.03615 0 0 1~ ENVELOPE~ Kneissl, Rose-Marie (kneissro)~ ~ Released~ ~ 
	8~ DFE0001475~ D~ DFE0001475~ ~ ~ 11-Mar-2009 14:13~ False~ 1 0 0 0 0 1 0 0 0 0 1 0 0.03615 0 0 1~ ENVELOPE~ u9502270 (u9502270)~ ~ Released~ ~ 
   2~ AGS3732~ F~ AGS3732~ ~ AGS3732-F~ 05-Dec-2011 15:22~ False~ 0 0 -1 0 -0.000503710378155275 0.999999873137919 0 0 0.999999873137919 0.000503710378155275 0 0 -0.00589999999999996 4.17634676841416e-019 0.307368 1~ INSERT-SCRW THRD,UNIFIED,HELICAL~ Jolliff, Simon [Installations] (u10717r)~ ~ Released~ ~ 
  1~ FW50722~ K~ FW50722~ ~ FW50722_DWG~ 02-Mar-2009 08:53~ True~ 1 0 0 0 0 0.707106781186548 0.707106781186547 0 0 -0.707106781186547 0.707106781186548 0 0.1046246 -1.41421356237714e-006 1.41421356235938e-006 1~ VANE,ASSY OF, INLET GUIDE~ u9502270 (u9502270)~ ~ Released~ ~ 
   2~ NPN11854~ L~ NPN11854~ ~ NPN11854-L~ 10-Mar-2009 13:14~ True~ 1 0 0 0 0 1 0 0 0 0 1 0 0 0 0 1~ VANE,HPC, INLET GUIDE~ u9502270 (u9502270)~ ~ Released~ ~ 
	8~ DFE0001258~ G~ DFE0001258~ ~ ~ 26-Oct-2007 10:22~ False~ 1 0 0 0 0 1 0 0 0 0 1 0 0 0 0 1~ AEROFOIL~ Mueller, Andreas (u326583)~ ~ Released~ ~ 
	8~ DFE0001099~ E~ DFE0001099~ ~ ~ 30-Aug-2007 11:11~ False~ 1 0 0 0 0 1 0 0 0 0 1 0 0.03615 0 0 1~ ENVELOPE~ Kneissl, Rose-Marie (kneissro)~ ~ Released~ ~ 
	8~ DFE0001475~ D~ DFE0001475~ ~ ~ 11-Mar-2009 14:13~ False~ 1 0 0 0 0 1 0 0 0 0 1 0 0.03615 0 0 1~ ENVELOPE~ u9502270 (u9502270)~ ~ Released~ ~ 
   2~ AGS3732~ F~ AGS3732~ ~ AGS3732-F~ 05-Dec-2011 15:22~ False~ 0 0 -1 0 -0.000503710378155275 0.999999873137919 0 0 0.999999873137919 0.000503710378155275 0 0 -0.00589999999999996 4.17634676841416e-019 0.307368 1~ INSERT-SCRW THRD,UNIFIED,HELICAL~ Jolliff, Simon [Installations] (u10717r)~ ~ Released~ ~ 
  1~ FW50722~ K~ FW50722~ ~ FW50722_DWG~ 02-Mar-2009 08:53~ True~ 1 0 0 0 0 0.587785252292474 0.809016994374947 0 0 -0.809016994374947 0.587785252292474 0 0.1046246 -1.61803398875549e-006 1.17557050457151e-006 1~ VANE,ASSY OF, INLET GUIDE~ u9502270 (u9502270)~ ~ Released~ ~ 
   2~ NPN11854~ L~ NPN11854~ ~ NPN11854-L~ 10-Mar-2009 13:14~ True~ 1 0 0 0 0 1 0 0 0 0 1 0 0 0 0 1~ VANE,HPC, INLET GUIDE~ u9502270 (u9502270)~ ~ Released~ ~ 
	8~ DFE0001258~ G~ DFE0001258~ ~ ~ 26-Oct-2007 10:22~ False~ 1 0 0 0 0 1 0 0 0 0 1 0 0 0 0 1~ AEROFOIL~ Mueller, Andreas (u326583)~ ~ Released~ ~ 
	8~ DFE0001099~ E~ DFE0001099~ ~ ~ 30-Aug-2007 11:11~ False~ 1 0 0 0 0 1 0 0 0 0 1 0 0.03615 0 0 1~ ENVELOPE~ Kneissl, Rose-Marie (kneissro)~ ~ Released~ ~ 
	8~ DFE0001475~ D~ DFE0001475~ ~ ~ 11-Mar-2009 14:13~ False~ 1 0 0 0 0 1 0 0 0 0 1 0 0.03615 0 0 1~ ENVELOPE~ u9502270 (u9502270)~ ~ Released~ ~ 
